 -1 -1
 -0.98 -0.720446
 -0.96 -0.47962
 -0.94 -0.274384
 -0.92 -0.101747
 -0.9 0.0411413
 -0.88 0.156991
 -0.86 0.248377
 -0.84 0.317741
 -0.82 0.367394
 -0.8 0.39952
 -0.78 0.41618
 -0.76 0.419314
 -0.74 0.410742
 -0.72 0.392172
 -0.7 0.365199
 -0.68 0.331307
 -0.66 0.291878
 -0.64 0.248188
 -0.62 0.201415
 -0.6 0.15264
 -0.58 0.102849
 -0.56 0.0529387
 -0.54 0.00371754
 -0.52 -0.0440907
 -0.5 -0.0898438
 -0.48 -0.132978
 -0.46 -0.173006
 -0.44 -0.209512
 -0.42 -0.242149
 -0.4 -0.27064
 -0.38 -0.294768
 -0.36 -0.314377
 -0.34 -0.32937
 -0.32 -0.339704
 -0.3 -0.345386
 -0.28 -0.346473
 -0.26 -0.343067
 -0.24 -0.335311
 -0.22 -0.323388
 -0.2 -0.30752
 -0.18 -0.287958
 -0.16 -0.264986
 -0.14 -0.238914
 -0.12 -0.210076
 -0.1 -0.178829
 -0.08 -0.145546
 -0.06 -0.110616
 -0.04 -0.0744408
 -0.02 -0.03743
 0 0
 0.02 0.03743
 0.04 0.0744408
 0.06 0.110616
 0.08 0.145546
 0.1 0.178829
 0.12 0.210076
 0.14 0.238914
 0.16 0.264986
 0.18 0.287958
 0.2 0.30752
 0.22 0.323388
 0.24 0.335311
 0.26 0.343067
 0.28 0.346473
 0.3 0.345386
 0.32 0.339704
 0.34 0.32937
 0.36 0.314377
 0.38 0.294768
 0.4 0.27064
 0.42 0.242149
 0.44 0.209512
 0.46 0.173006
 0.48 0.132978
 0.5 0.0898438
 0.52 0.0440907
 0.54 -0.00371754
 0.56 -0.0529387
 0.58 -0.102849
 0.6 -0.15264
 0.62 -0.201415
 0.64 -0.248188
 0.66 -0.291878
 0.68 -0.331307
 0.7 -0.365199
 0.72 -0.392172
 0.74 -0.410742
 0.76 -0.419314
 0.78 -0.41618
 0.8 -0.39952
 0.82 -0.367394
 0.84 -0.317741
 0.86 -0.248377
 0.88 -0.156991
 0.9 -0.0411413
 0.92 0.101747
 0.94 0.274384
 0.96 0.47962
 0.98 0.720446
 1 1
