 -1 -10
 -0.98 -9.12086
 -0.96 -8.28288
 -0.94 -7.48522
 -0.92 -6.72704
 -0.9 -6.0075
 -0.88 -5.32576
 -0.86 -4.68098
 -0.84 -4.07232
 -0.82 -3.49894
 -0.8 -2.96
 -0.78 -2.45466
 -0.76 -1.98208
 -0.74 -1.54142
 -0.72 -1.13184
 -0.7 -0.7525
 -0.68 -0.40256
 -0.66 -0.08118
 -0.64 0.21248
 -0.62 0.47926
 -0.6 0.72
 -0.58 0.93554
 -0.56 1.12672
 -0.54 1.29438
 -0.52 1.43936
 -0.5 1.5625
 -0.48 1.66464
 -0.46 1.74662
 -0.44 1.80928
 -0.42 1.85346
 -0.4 1.88
 -0.38 1.88974
 -0.36 1.88352
 -0.34 1.86218
 -0.32 1.82656
 -0.3 1.7775
 -0.28 1.71584
 -0.26 1.64242
 -0.24 1.55808
 -0.22 1.46366
 -0.2 1.36
 -0.18 1.24794
 -0.16 1.12832
 -0.14 1.00198
 -0.12 0.86976
 -0.1 0.7325
 -0.08 0.59104
 -0.06 0.44622
 -0.04 0.29888
 -0.02 0.14986
 0 -0
 0.02 -0.14986
 0.04 -0.29888
 0.06 -0.44622
 0.08 -0.59104
 0.1 -0.7325
 0.12 -0.86976
 0.14 -1.00198
 0.16 -1.12832
 0.18 -1.24794
 0.2 -1.36
 0.22 -1.46366
 0.24 -1.55808
 0.26 -1.64242
 0.28 -1.71584
 0.3 -1.7775
 0.32 -1.82656
 0.34 -1.86218
 0.36 -1.88352
 0.38 -1.88974
 0.4 -1.88
 0.42 -1.85346
 0.44 -1.80928
 0.46 -1.74662
 0.48 -1.66464
 0.5 -1.5625
 0.52 -1.43936
 0.54 -1.29438
 0.56 -1.12672
 0.58 -0.93554
 0.6 -0.72
 0.62 -0.47926
 0.64 -0.21248
 0.66 0.08118
 0.68 0.40256
 0.7 0.7525
 0.72 1.13184
 0.74 1.54142
 0.76 1.98208
 0.78 2.45466
 0.8 2.96
 0.82 3.49894
 0.84 4.07232
 0.86 4.68098
 0.88 5.32576
 0.9 6.0075
 0.92 6.72704
 0.94 7.48522
 0.96 8.28288
 0.98 9.12086
 1 10
