 -1 1
 -0.98 0.808861
 -0.96 0.634891
 -0.94 0.477277
 -0.92 0.335219
 -0.9 0.207937
 -0.88 0.0946672
 -0.86 -0.0053393
 -0.84 -0.0928128
 -0.82 -0.168467
 -0.8 -0.233
 -0.78 -0.287091
 -0.76 -0.331405
 -0.74 -0.366587
 -0.72 -0.393269
 -0.7 -0.412062
 -0.68 -0.423565
 -0.66 -0.428355
 -0.64 -0.426997
 -0.62 -0.420035
 -0.6 -0.408
 -0.58 -0.391403
 -0.56 -0.370741
 -0.54 -0.346491
 -0.52 -0.319117
 -0.5 -0.289062
 -0.48 -0.256757
 -0.46 -0.222611
 -0.44 -0.187021
 -0.42 -0.150363
 -0.4 -0.113
 -0.38 -0.0752753
 -0.36 -0.0375168
 -0.34 -3.53e-05
 -0.32 0.0368752
 -0.3 0.0729375
 -0.28 0.107891
 -0.26 0.141493
 -0.24 0.173515
 -0.22 0.203749
 -0.2 0.232
 -0.18 0.258093
 -0.16 0.281867
 -0.14 0.303181
 -0.12 0.321907
 -0.1 0.337938
 -0.08 0.351179
 -0.06 0.361557
 -0.04 0.369011
 -0.02 0.373501
 0 0.375
 0.02 0.373501
 0.04 0.369011
 0.06 0.361557
 0.08 0.351179
 0.1 0.337937
 0.12 0.321907
 0.14 0.303181
 0.16 0.281867
 0.18 0.258093
 0.2 0.232
 0.22 0.203749
 0.24 0.173515
 0.26 0.141493
 0.28 0.107891
 0.3 0.0729375
 0.32 0.0368752
 0.34 -3.53e-05
 0.36 -0.0375168
 0.38 -0.0752753
 0.4 -0.113
 0.42 -0.150363
 0.44 -0.187021
 0.46 -0.222611
 0.48 -0.256757
 0.5 -0.289062
 0.52 -0.319117
 0.54 -0.346491
 0.56 -0.370741
 0.58 -0.391403
 0.6 -0.408
 0.62 -0.420035
 0.64 -0.426997
 0.66 -0.428355
 0.68 -0.423565
 0.7 -0.412062
 0.72 -0.393269
 0.74 -0.366587
 0.76 -0.331405
 0.78 -0.287091
 0.8 -0.233
 0.82 -0.168467
 0.84 -0.0928128
 0.86 -0.0053393
 0.88 0.0946672
 0.9 0.207937
 0.92 0.335219
 0.94 0.477277
 0.96 0.634891
 0.98 0.808861
 1 1
