 -1 6
 -0.98 5.703
 -0.96 5.412
 -0.94 5.127
 -0.92 4.848
 -0.9 4.575
 -0.88 4.308
 -0.86 4.047
 -0.84 3.792
 -0.82 3.543
 -0.8 3.3
 -0.78 3.063
 -0.76 2.832
 -0.74 2.607
 -0.72 2.388
 -0.7 2.175
 -0.68 1.968
 -0.66 1.767
 -0.64 1.572
 -0.62 1.383
 -0.6 1.2
 -0.58 1.023
 -0.56 0.852
 -0.54 0.687
 -0.52 0.528
 -0.5 0.375
 -0.48 0.228
 -0.46 0.087
 -0.44 -0.048
 -0.42 -0.177
 -0.4 -0.3
 -0.38 -0.417
 -0.36 -0.528
 -0.34 -0.633
 -0.32 -0.732
 -0.3 -0.825
 -0.28 -0.912
 -0.26 -0.993
 -0.24 -1.068
 -0.22 -1.137
 -0.2 -1.2
 -0.18 -1.257
 -0.16 -1.308
 -0.14 -1.353
 -0.12 -1.392
 -0.1 -1.425
 -0.08 -1.452
 -0.06 -1.473
 -0.04 -1.488
 -0.02 -1.497
 0 -1.5
 0.02 -1.497
 0.04 -1.488
 0.06 -1.473
 0.08 -1.452
 0.1 -1.425
 0.12 -1.392
 0.14 -1.353
 0.16 -1.308
 0.18 -1.257
 0.2 -1.2
 0.22 -1.137
 0.24 -1.068
 0.26 -0.993
 0.28 -0.912
 0.3 -0.825
 0.32 -0.732
 0.34 -0.633
 0.36 -0.528
 0.38 -0.417
 0.4 -0.3
 0.42 -0.177
 0.44 -0.048
 0.46 0.087
 0.48 0.228
 0.5 0.375
 0.52 0.528
 0.54 0.687
 0.56 0.852
 0.58 1.023
 0.6 1.2
 0.62 1.383
 0.64 1.572
 0.66 1.767
 0.68 1.968
 0.7 2.175
 0.72 2.388
 0.74 2.607
 0.76 2.832
 0.78 3.063
 0.8 3.3
 0.82 3.543
 0.84 3.792
 0.86 4.047
 0.88 4.308
 0.9 4.575
 0.92 4.848
 0.94 5.127
 0.96 5.412
 0.98 5.703
 1 6
