 -1 1
 -0.98 0.9406
 -0.96 0.8824
 -0.94 0.8254
 -0.92 0.7696
 -0.9 0.715
 -0.88 0.6616
 -0.86 0.6094
 -0.84 0.5584
 -0.82 0.5086
 -0.8 0.46
 -0.78 0.4126
 -0.76 0.3664
 -0.74 0.3214
 -0.72 0.2776
 -0.7 0.235
 -0.68 0.1936
 -0.66 0.1534
 -0.64 0.1144
 -0.62 0.0766
 -0.6 0.04
 -0.58 0.0046
 -0.56 -0.0296
 -0.54 -0.0626
 -0.52 -0.0944
 -0.5 -0.125
 -0.48 -0.1544
 -0.46 -0.1826
 -0.44 -0.2096
 -0.42 -0.2354
 -0.4 -0.26
 -0.38 -0.2834
 -0.36 -0.3056
 -0.34 -0.3266
 -0.32 -0.3464
 -0.3 -0.365
 -0.28 -0.3824
 -0.26 -0.3986
 -0.24 -0.4136
 -0.22 -0.4274
 -0.2 -0.44
 -0.18 -0.4514
 -0.16 -0.4616
 -0.14 -0.4706
 -0.12 -0.4784
 -0.1 -0.485
 -0.08 -0.4904
 -0.06 -0.4946
 -0.04 -0.4976
 -0.02 -0.4994
 0 -0.5
 0.02 -0.4994
 0.04 -0.4976
 0.06 -0.4946
 0.08 -0.4904
 0.1 -0.485
 0.12 -0.4784
 0.14 -0.4706
 0.16 -0.4616
 0.18 -0.4514
 0.2 -0.44
 0.22 -0.4274
 0.24 -0.4136
 0.26 -0.3986
 0.28 -0.3824
 0.3 -0.365
 0.32 -0.3464
 0.34 -0.3266
 0.36 -0.3056
 0.38 -0.2834
 0.4 -0.26
 0.42 -0.2354
 0.44 -0.2096
 0.46 -0.1826
 0.48 -0.1544
 0.5 -0.125
 0.52 -0.0944
 0.54 -0.0626
 0.56 -0.0296
 0.58 0.0046
 0.6 0.04
 0.62 0.0766
 0.64 0.1144
 0.66 0.1534
 0.68 0.1936
 0.7 0.235
 0.72 0.2776
 0.74 0.3214
 0.76 0.3664
 0.78 0.4126
 0.8 0.46
 0.82 0.5086
 0.84 0.5584
 0.86 0.6094
 0.88 0.6616
 0.9 0.715
 0.92 0.7696
 0.94 0.8254
 0.96 0.8824
 0.98 0.9406
 1 1
