 -1 -3
 -0.98 -2.94
 -0.96 -2.88
 -0.94 -2.82
 -0.92 -2.76
 -0.9 -2.7
 -0.88 -2.64
 -0.86 -2.58
 -0.84 -2.52
 -0.82 -2.46
 -0.8 -2.4
 -0.78 -2.34
 -0.76 -2.28
 -0.74 -2.22
 -0.72 -2.16
 -0.7 -2.1
 -0.68 -2.04
 -0.66 -1.98
 -0.64 -1.92
 -0.62 -1.86
 -0.6 -1.8
 -0.58 -1.74
 -0.56 -1.68
 -0.54 -1.62
 -0.52 -1.56
 -0.5 -1.5
 -0.48 -1.44
 -0.46 -1.38
 -0.44 -1.32
 -0.42 -1.26
 -0.4 -1.2
 -0.38 -1.14
 -0.36 -1.08
 -0.34 -1.02
 -0.32 -0.96
 -0.3 -0.9
 -0.28 -0.84
 -0.26 -0.78
 -0.24 -0.72
 -0.22 -0.66
 -0.2 -0.6
 -0.18 -0.54
 -0.16 -0.48
 -0.14 -0.42
 -0.12 -0.36
 -0.1 -0.3
 -0.08 -0.24
 -0.06 -0.18
 -0.04 -0.12
 -0.02 -0.06
 0 0
 0.02 0.06
 0.04 0.12
 0.06 0.18
 0.08 0.24
 0.1 0.3
 0.12 0.36
 0.14 0.42
 0.16 0.48
 0.18 0.54
 0.2 0.6
 0.22 0.66
 0.24 0.72
 0.26 0.78
 0.28 0.84
 0.3 0.9
 0.32 0.96
 0.34 1.02
 0.36 1.08
 0.38 1.14
 0.4 1.2
 0.42 1.26
 0.44 1.32
 0.46 1.38
 0.48 1.44
 0.5 1.5
 0.52 1.56
 0.54 1.62
 0.56 1.68
 0.58 1.74
 0.6 1.8
 0.62 1.86
 0.64 1.92
 0.66 1.98
 0.68 2.04
 0.7 2.1
 0.72 2.16
 0.74 2.22
 0.76 2.28
 0.78 2.34
 0.8 2.4
 0.82 2.46
 0.84 2.52
 0.86 2.58
 0.88 2.64
 0.9 2.7
 0.92 2.76
 0.94 2.82
 0.96 2.88
 0.98 2.94
 1 3
