 -1 15
 -0.98 12.9827
 -0.96 11.126
 -0.94 9.42249
 -0.92 7.86497
 -0.9 6.44644
 -0.88 5.16
 -0.86 3.99895
 -0.84 2.95668
 -0.82 2.02679
 -0.8 1.203
 -0.78 0.479178
 -0.76 -0.150643
 -0.74 -0.692286
 -0.72 -1.15142
 -0.7 -1.53356
 -0.68 -1.84408
 -0.66 -2.0882
 -0.64 -2.27097
 -0.62 -2.39732
 -0.6 -2.472
 -0.58 -2.49963
 -0.56 -2.48467
 -0.54 -2.43142
 -0.52 -2.34405
 -0.5 -2.22656
 -0.48 -2.08281
 -0.46 -1.9165
 -0.44 -1.73119
 -0.42 -1.53027
 -0.4 -1.317
 -0.38 -1.09448
 -0.36 -0.865651
 -0.34 -0.633318
 -0.32 -0.400123
 -0.3 -0.168563
 -0.28 0.0590208
 -0.26 0.280434
 -0.24 0.493637
 -0.22 0.696738
 -0.2 0.888
 -0.18 1.06583
 -0.16 1.2288
 -0.14 1.37563
 -0.12 1.50516
 -0.1 1.61644
 -0.08 1.70861
 -0.06 1.78101
 -0.04 1.8331
 -0.02 1.86451
 0 1.875
 0.02 1.86451
 0.04 1.8331
 0.06 1.78101
 0.08 1.70861
 0.1 1.61644
 0.12 1.50516
 0.14 1.37563
 0.16 1.2288
 0.18 1.06583
 0.2 0.888
 0.22 0.696738
 0.24 0.493637
 0.26 0.280434
 0.28 0.0590208
 0.3 -0.168563
 0.32 -0.400123
 0.34 -0.633318
 0.36 -0.865651
 0.38 -1.09448
 0.4 -1.317
 0.42 -1.53027
 0.44 -1.73119
 0.46 -1.9165
 0.48 -2.08281
 0.5 -2.22656
 0.52 -2.34405
 0.54 -2.43142
 0.56 -2.48467
 0.58 -2.49963
 0.6 -2.472
 0.62 -2.39732
 0.64 -2.27097
 0.66 -2.0882
 0.68 -1.84408
 0.7 -1.53356
 0.72 -1.15142
 0.74 -0.692286
 0.76 -0.150643
 0.78 0.479178
 0.8 1.203
 0.82 2.02679
 0.84 2.95668
 0.86 3.99895
 0.88 5.16
 0.9 6.44644
 0.92 7.86497
 0.94 9.42249
 0.96 11.126
 0.98 12.9827
 1 15
