0 0
0.01 -4.44089e-16
0.02 2.22045e-16
0.03 -4.44089e-16
0.04 4.44089e-16
0.05 -1.11022e-15
0.06 1.55431e-15
0.07 -1.9984e-15
0.08 2.22045e-15
0.09 -1.9984e-15
0.1 2.44249e-15
0.11 -2.44249e-15
0.12 1.9984e-15
0.13 -2.22045e-15
0.14 2.44249e-15
0.15 -2.88658e-15
0.16 3.10862e-15
0.17 -3.10862e-15
0.18 3.55271e-15
0.19 -3.10862e-15
0.2 3.10862e-15
0.21 -3.9968e-15
0.22 4.21885e-15
0.23 -4.66294e-15
0.24 4.88498e-15
0.25 -4.88498e-15
0.26 4.44089e-15
0.27 -4.88498e-15
0.28 4.44089e-15
0.29 -4.21885e-15
0.3 3.9968e-15
0.31 -3.77476e-15
0.32 3.33067e-15
0.33 -3.33067e-15
0.34 3.77476e-15
0.35 -3.33067e-15
0.36 3.10862e-15
0.37 -3.55271e-15
0.38 3.77476e-15
0.39 -3.9968e-15
0.4 3.77476e-15
0.41 -3.77476e-15
0.42 3.33067e-15
0.43 -3.33067e-15
0.44 3.33067e-15
0.45 -3.33067e-15
0.46 3.10862e-15
0.47 -2.88658e-15
0.48 3.33067e-15
0.49 -3.55271e-15
0.5 3.9968e-15
0.51 -3.9968e-15
0.52 4.44089e-15
0.53 -4.88498e-15
0.54 4.66294e-15
0.55 -4.66294e-15
0.56 4.66294e-15
0.57 -4.66294e-15
0.58 4.66294e-15
0.59 -4.44089e-15
0.6 4.21885e-15
0.61 -4.21885e-15
0.62 3.9968e-15
0.63 -4.21885e-15
0.64 4.21885e-15
0.65 -4.44089e-15
0.66 5.10703e-15
0.67 -5.32907e-15
0.68 5.32907e-15
0.69 -5.32907e-15
0.7 5.32907e-15
0.71 -5.10703e-15
0.72 4.88498e-15
0.73 -4.66294e-15
0.74 4.21885e-15
0.75 -4.44089e-15
0.76 4.66294e-15
0.77 -4.88498e-15
0.78 4.66294e-15
0.79 -4.44089e-15
0.8 4.88498e-15
0.81 -4.66294e-15
0.82 4.66294e-15
0.83 -4.44089e-15
0.84 4.88498e-15
0.85 -4.66294e-15
0.86 4.21885e-15
0.87 -3.77476e-15
0.88 3.55271e-15
0.89 -3.77476e-15
0.9 3.77476e-15
0.91 -3.33067e-15
0.92 3.55271e-15
0.93 -3.55271e-15
0.94 3.77476e-15
0.95 -3.33067e-15
0.96 3.33067e-15
0.97 -3.55271e-15
0.98 3.9968e-15
0.99 -4.21885e-15
1 3.9968e-15
