0 0
0.02 200
0.04 -39600
0.06 7.8806e+06
0.08 -1.56824e+09
0.1 3.1208e+11
0.12 -6.21038e+13
0.14 1.23587e+16
0.16 -2.45937e+18
0.18 4.89415e+20
0.2 -9.73937e+22
0.22 1.93813e+25
0.24 -3.85689e+27
0.26 7.67521e+29
0.28 -1.52737e+32
0.3 3.03946e+34
0.32 -6.04852e+36
0.34 1.20366e+39
0.36 -2.39527e+41
0.38 4.7666e+43
0.4 -9.48553e+45
0.42 1.88762e+48
0.44 -3.75636e+50
0.46 7.47516e+52
0.48 -1.48756e+55
0.5 2.96024e+57
0.52 -5.89088e+59
0.54 1.17228e+62
0.56 -2.33285e+64
0.58 4.64236e+66
0.6 -9.2383e+68
0.62 1.83842e+71
0.64 -3.65846e+73
0.66 7.28034e+75
0.68 -1.44879e+78
0.7 2.88309e+80
0.72 -5.73734e+82
0.74 1.14173e+85
0.76 -2.27204e+87
0.78 4.52137e+89
0.8 -8.99752e+91
0.82 1.79051e+94
0.84 -3.56311e+96
0.86 7.09059e+98
0.88 -1.41103e+101
0.9 2.80794e+103
0.92 -5.58781e+105
0.94 1.11197e+108
0.96 -2.21283e+110
0.98 4.40353e+112
1 -8.76302e+114
