0 0
0.0005 0.000493597
0.001 0.000968641
0.0015 0.00141344
0.002 0.00181704
0.0025 0.00216951
0.003 0.00246217
0.0035 0.00268782
0.004 0.00284091
0.0045 0.00291767
0.005 0.00291621
0.0055 0.00283657
0.006 0.00268072
0.0065 0.0024525
0.007 0.00215753
0.0075 0.00180308
0.008 0.00139787
0.0085 0.000951889
0.009 0.000476123
0.0095 -1.77128e-05
0.01 -0.000517454
0.0105 -0.00101079
0.011 -0.00148558
0.0115 -0.00193012
0.012 -0.00233346
0.0125 -0.00268567
0.013 -0.00297807
0.0135 -0.00320347
0.014 -0.0033563
0.0145 -0.0034328
0.015 -0.00343108
0.0155 -0.00335119
0.016 -0.00319508
0.0165 -0.0029666
0.017 -0.00267138
0.0175 -0.00231666
0.018 -0.0019112
0.0185 -0.00146496
0.019 -0.000988942
0.0195 -0.00049485
0.02 5.14747e-06
0.0205 0.000498742
0.021 0.000973784
0.0215 0.00141858
0.022 0.00182218
0.0225 0.00217464
0.023 0.0024673
0.0235 0.00269295
0.024 0.00284603
0.0245 0.00292279
0.025 0.00292133
0.0255 0.00284169
0.026 0.00268584
0.0265 0.00245762
0.027 0.00216264
0.0275 0.00180818
0.028 0.00140297
0.0285 0.000956993
0.029 0.000481224
0.0295 -1.2614e-05
0.03 -0.000512358
0.0305 -0.0010057
0.031 -0.00148049
0.0315 -0.00192503
0.032 -0.00232837
0.0325 -0.00268059
0.033 -0.00297299
0.0335 -0.00319839
0.034 -0.00335122
0.0345 -0.00342772
0.035 -0.00342601
0.0355 -0.00334612
0.036 -0.00319002
0.0365 -0.00296154
0.037 -0.00266632
0.0375 -0.00231161
0.038 -0.00190614
0.0385 -0.00145991
0.039 -0.000983891
0.0395 -0.000489802
0.04 1.0193e-05
0.0405 0.000503785
0.041 0.000978824
0.0415 0.00142362
0.042 0.00182721
0.0425 0.00217967
0.043 0.00247233
0.0435 0.00269798
0.044 0.00285106
0.0445 0.00292781
0.045 0.00292635
0.0455 0.00284671
0.046 0.00269086
0.0465 0.00246263
0.047 0.00216765
0.0475 0.00181319
0.048 0.00140798
0.0485 0.000961996
0.049 0.000486224
0.0495 -7.61609e-06
0.05 -0.000507362
0.0505 -0.00100071
0.051 -0.0014755
0.0515 -0.00192004
0.052 -0.00232339
0.0525 -0.0026756
0.053 -0.00296801
0.0535 -0.00319341
0.054 -0.00334624
0.0545 -0.00342275
0.055 -0.00342104
0.0555 -0.00334115
0.056 -0.00318505
0.0565 -0.00295658
0.057 -0.00266135
0.0575 -0.00230665
0.058 -0.00190119
0.0585 -0.00145496
0.059 -0.00097894
0.0595 -0.000484854
0.06 1.51387e-05
0.0605 0.000508729
0.061 0.000983765
0.0615 0.00142855
0.062 0.00183215
0.0625 0.00218461
0.063 0.00247726
0.0635 0.00270291
0.064 0.00285599
0.0645 0.00293274
0.065 0.00293127
0.0655 0.00285163
0.066 0.00269577
0.0665 0.00246754
0.067 0.00217256
0.0675 0.0018181
0.068 0.00141289
0.0685 0.000966899
0.069 0.000491126
0.0695 -2.71715e-06
0.07 -0.000502466
0.0705 -0.000995812
0.071 -0.00147061
0.0715 -0.00191515
0.072 -0.0023185
0.0725 -0.00267072
0.073 -0.00296313
0.0735 -0.00318853
0.074 -0.00334137
0.0745 -0.00341788
0.075 -0.00341617
0.0755 -0.00333628
0.076 -0.00318018
0.0765 -0.00295171
0.077 -0.00265649
0.0775 -0.00230179
0.078 -0.00189633
0.0785 -0.0014501
0.079 -0.000974088
0.0795 -0.000480003
0.08 1.99865e-05
0.0805 0.000513574
0.081 0.000988608
0.0815 0.00143339
0.082 0.00183698
0.0825 0.00218944
0.083 0.00248209
0.0835 0.00270774
0.084 0.00286081
0.0845 0.00293756
0.085 0.00293609
0.0855 0.00285645
0.086 0.00270059
0.0865 0.00247236
0.087 0.00217738
0.0875 0.00182291
0.088 0.0014177
0.0885 0.000971706
0.089 0.00049593
0.0895 2.08481e-06
0.09 -0.000497666
0.0905 -0.000991015
0.091 -0.00146581
0.0915 -0.00191036
0.092 -0.00231371
0.0925 -0.00266593
0.093 -0.00295834
0.0935 -0.00318375
0.094 -0.00333659
0.0945 -0.0034131
0.095 -0.00341139
0.0955 -0.00333151
0.096 -0.00317541
0.0965 -0.00294694
0.097 -0.00265173
0.0975 -0.00229702
0.098 -0.00189157
0.0985 -0.00144534
0.099 -0.000969331
0.0995 -0.000475249
0.1 2.47383e-05
